[[[[ -1.00700000e+01   2.14000000e+00   1.61000000e+00   2.90000000e-01
     -3.40000000e-01   1.39000000e+00]
   [ -5.67000000e+00   2.01000000e+00   1.91000000e+00   2.90000000e-01
     -3.90000000e-01   1.46000000e+00]
   [ -6.92000000e+00  -2.30000000e+00   1.86000000e+00   3.20000000e-01
     -3.70000000e-01   1.43000000e+00]
   ..., 
   [ -6.80000000e+00   2.90000000e+00   2.14000000e+00   2.70000000e-01
     -3.50000000e-01   1.39000000e+00]
   [ -8.96000000e+00   3.33000000e+00  -2.03000000e+00   3.10000000e-01
     -3.90000000e-01   1.44000000e+00]
   [ -1.70500000e+01  -4.87000000e+00  -9.76000000e+00   3.60000000e-01
     -3.10000000e-01   1.38000000e+00]]

  [[  7.09000000e+00   7.70000000e+00  -1.85000000e+00  -1.80000000e-01
     -4.60000000e-01   8.20000000e-01]
   [  1.08600000e+01   5.64000000e+00  -3.14000000e+00  -1.90000000e-01
     -4.60000000e-01   8.20000000e-01]
   [  8.86000000e+00   5.08000000e+00  -2.46000000e+00  -1.90000000e-01
     -5.00000000e-01   8.80000000e-01]
   ..., 
   [  8.51000000e+00   9.00000000e+00  -1.79000000e+00  -2.00000000e-01
     -4.40000000e-01   8.40000000e-01]
   [  7.00000000e+00   6.65000000e+00  -1.09100000e+01  -2.10000000e-01
     -4.50000000e-01   8.70000000e-01]
   [  6.05000000e+00   1.80000000e-01  -1.48600000e+01  -1.30000000e-01
     -4.50000000e-01   8.20000000e-01]]

  [[ -3.64000000e+00   5.93000000e+00  -3.75000000e+00  -9.30000000e-01
      1.00000000e-01   3.20000000e-01]
   [ -1.05000000e+00   1.66000000e+00   1.13000000e+00  -9.30000000e-01
      1.10000000e-01   3.20000000e-01]
   [ -2.75000000e+00   2.40000000e-01  -7.90000000e-01  -9.50000000e-01
      1.00000000e-01   3.20000000e-01]
   ..., 
   [ -2.86000000e+00   6.36000000e+00  -2.20000000e+00  -9.50000000e-01
      1.40000000e-01   3.20000000e-01]
   [  1.67000000e+00  -2.71000000e+00  -8.13000000e+00  -8.90000000e-01
      1.70000000e-01   2.80000000e-01]
   [ -5.46000000e+00  -8.27000000e+00  -4.48000000e+00  -1.02000000e+00
      8.00000000e-02   4.50000000e-01]]

  [[  1.61000000e+00   3.63000000e+00   2.06000000e+00  -5.00000000e-02
     -4.00000000e-01   9.20000000e-01]
   [  2.73000000e+00  -1.05000000e+00  -5.60000000e-01  -4.00000000e-02
     -4.20000000e-01   9.50000000e-01]
   [  6.10000000e-01  -1.35000000e+00   2.00000000e-01  -5.00000000e-02
     -4.50000000e-01   9.70000000e-01]
   ..., 
   [  1.90000000e+00   3.67000000e+00   3.40000000e-01  -1.00000000e-01
     -3.90000000e-01   9.40000000e-01]
   [ -2.34000000e+00  -9.90000000e-01  -1.24800000e+01  -5.00000000e-02
     -4.10000000e-01   9.70000000e-01]
   [  1.56000000e+00  -6.51000000e+00  -3.93000000e+00  -1.00000000e-02
     -3.60000000e-01   9.00000000e-01]]

  [[ -6.05000000e+00   6.52000000e+00   1.35000000e+00   4.30000000e-01
     -1.50000000e-01   1.36000000e+00]
   [ -9.96000000e+00   4.25000000e+00  -1.82000000e+00   4.40000000e-01
     -1.50000000e-01   1.37000000e+00]
   [ -2.37300000e+01   5.71000000e+00   1.41000000e+00   4.40000000e-01
     -1.60000000e-01   1.38000000e+00]
   ..., 
   [ -7.13000000e+00   8.28000000e+00  -7.00000000e-01   4.40000000e-01
     -1.50000000e-01   1.42000000e+00]
   [ -2.00900000e+01  -1.43000000e+00  -6.98000000e+00   4.80000000e-01
     -1.20000000e-01   1.41000000e+00]
   [ -7.71000000e+00  -2.50000000e-01   2.06000000e+00   4.30000000e-01
     -4.00000000e-02   1.25000000e+00]]

  [[  7.10000000e-01   4.28000000e+00  -1.54000000e+00   7.00000000e-02
      2.60000000e-01   9.00000000e-01]
   [ -1.35000000e+00  -3.40000000e+00  -2.14000000e+00   5.00000000e-02
      2.40000000e-01   9.10000000e-01]
   [ -2.63000000e+00   1.05000000e+00  -1.02000000e+00   5.00000000e-02
      2.40000000e-01   9.10000000e-01]
   ..., 
   [ -2.70000000e-01   4.60000000e+00  -5.38000000e+00   9.00000000e-02
      2.50000000e-01   8.80000000e-01]
   [ -1.25200000e+01  -9.24000000e+00  -9.19000000e+00   9.00000000e-02
      2.50000000e-01   9.20000000e-01]
   [ -3.91000000e+00  -9.76000000e+00  -5.53000000e+00   0.00000000e+00
      3.30000000e-01   8.40000000e-01]]]


 [[[ -7.90000000e-01   5.70000000e-01   4.13000000e+00   3.00000000e-01
     -3.20000000e-01   1.34000000e+00]
   [ -7.90000000e-01  -2.88000000e+00   6.71000000e+00   3.60000000e-01
     -3.60000000e-01   1.39000000e+00]
   [ -2.05000000e+00   7.00000000e-02   6.55000000e+00   3.50000000e-01
     -3.90000000e-01   1.42000000e+00]
   ..., 
   [  2.06000000e+01  -1.00300000e+01   6.92600000e+01   3.60000000e-01
     -4.90000000e-01   1.53000000e+00]
   [ -1.53000000e+00  -1.60500000e+01   8.05100000e+01   5.20000000e-01
     -4.10000000e-01   1.34000000e+00]
   [ -1.47900000e+01  -2.37400000e+01   9.42700000e+01   3.90000000e-01
     -3.50000000e-01   1.27000000e+00]]

  [[  1.01200000e+01   8.50000000e+00   4.34000000e+00  -1.60000000e-01
     -4.70000000e-01   8.60000000e-01]
   [  4.30000000e-01   2.81000000e+00   4.30000000e+00  -1.30000000e-01
     -5.30000000e-01   9.40000000e-01]
   [ -1.19700000e+01   6.39000000e+00   7.28000000e+00  -1.80000000e-01
     -4.30000000e-01   8.30000000e-01]
   ..., 
   [  9.05000000e+00   3.10900000e+01   6.27900000e+01   7.00000000e-02
     -5.40000000e-01   9.30000000e-01]
   [  6.62000000e+00   3.37700000e+01   6.83600000e+01   1.00000000e-02
     -5.30000000e-01   9.20000000e-01]
   [  6.80000000e+00   4.69500000e+01   8.13300000e+01   2.50000000e-01
     -4.80000000e-01   7.80000000e-01]]

  [[ -1.60500000e+01   1.33900000e+01  -3.05000000e+00  -9.20000000e-01
      1.30000000e-01   3.30000000e-01]
   [ -1.71100000e+01   1.10400000e+01  -4.64000000e+00  -9.30000000e-01
      1.50000000e-01   3.60000000e-01]
   [ -2.22100000e+01   1.30100000e+01  -3.99000000e+00  -9.90000000e-01
      1.60000000e-01   3.70000000e-01]
   ..., 
   [ -8.68600000e+01   9.48800000e+01  -3.58300000e+01  -1.06000000e+00
      1.50000000e-01   6.00000000e-01]
   [ -1.04430000e+02   1.27220000e+02  -6.60900000e+01  -1.06000000e+00
      2.40000000e-01   6.60000000e-01]
   [ -1.20280000e+02   1.57740000e+02  -9.15000000e+01  -8.00000000e-01
      3.10000000e-01   5.30000000e-01]]

  [[  6.65000000e+00   3.34000000e+00   7.16000000e+00   2.00000000e-02
     -4.30000000e-01   9.70000000e-01]
   [  6.77000000e+00  -5.30000000e+00   8.16000000e+00  -4.00000000e-02
     -4.50000000e-01   9.90000000e-01]
   [  6.03000000e+00   1.14000000e+00   1.05000000e+01  -6.00000000e-02
     -4.30000000e-01   9.40000000e-01]
   ..., 
   [  1.51200000e+01   1.48600000e+01   6.69100000e+01   2.20000000e-01
     -5.40000000e-01   1.09000000e+00]
   [  1.78000000e+01   1.61800000e+01   7.91900000e+01   2.20000000e-01
     -5.30000000e-01   9.40000000e-01]
   [  3.18000000e+01   7.32000000e+00   8.33400000e+01   3.50000000e-01
     -5.80000000e-01   9.90000000e-01]]

  [[  3.40000000e-01   9.57000000e+00   4.58000000e+00   5.30000000e-01
     -1.10000000e-01   1.32000000e+00]
   [  1.67000000e+00   4.87000000e+00   4.73000000e+00   4.50000000e-01
     -1.60000000e-01   1.41000000e+00]
   [  2.89000000e+00   5.27000000e+00   1.17600000e+01   4.90000000e-01
     -9.00000000e-02   1.29000000e+00]
   ..., 
   [ -1.62000000e+01  -4.00000000e-02   7.24800000e+01   7.60000000e-01
     -1.60000000e-01   1.38000000e+00]
   [  1.80400000e+01  -1.33200000e+01   1.12930000e+02   4.80000000e-01
     -2.00000000e-01   1.34000000e+00]
   [  1.75800000e+01   1.49600000e+01   1.02700000e+02   8.40000000e-01
     -2.00000000e-02   1.15000000e+00]]

  [[  1.11500000e+01   2.04100000e+01   6.84000000e+00   1.30000000e-01
      2.40000000e-01   9.20000000e-01]
   [ -6.10000000e-01  -5.16000000e+00  -3.70000000e-01   9.00000000e-02
      2.10000000e-01   9.30000000e-01]
   [  3.72000000e+00   1.00600000e+01   2.07000000e+00   6.00000000e-02
      2.90000000e-01   9.00000000e-01]
   ..., 
   [  3.72000000e+00   5.27900000e+01   3.60800000e+01   2.10000000e-01
      2.30000000e-01   9.30000000e-01]
   [ -2.24000000e+00   8.24700000e+01   4.27700000e+01   2.40000000e-01
      2.40000000e-01   8.90000000e-01]
   [  2.68000000e+00   9.13600000e+01   5.64600000e+01   3.70000000e-01
      2.30000000e-01   9.20000000e-01]]]


 [[[  2.14600000e+01  -2.77000000e+00   9.25800000e+01   6.00000000e-01
     -4.10000000e-01   1.42000000e+00]
   [  2.56400000e+01  -1.04800000e+01   1.15720000e+02   6.10000000e-01
     -3.70000000e-01   1.30000000e+00]
   [  3.77600000e+01  -6.60000000e-01   1.20320000e+02   4.80000000e-01
     -3.10000000e-01   1.18000000e+00]
   ..., 
   [  2.38600000e+01  -3.22700000e+01   1.00610000e+02   6.50000000e-01
     -4.20000000e-01   1.26000000e+00]
   [  6.76400000e+01  -2.67400000e+01   9.78700000e+01   5.50000000e-01
     -3.40000000e-01   1.23000000e+00]
   [  6.85800000e+01  -1.61900000e+01   8.68400000e+01   7.30000000e-01
     -3.70000000e-01   1.26000000e+00]]

  [[  2.89600000e+01   2.73700000e+01   9.46600000e+01   2.90000000e-01
     -5.60000000e-01   8.90000000e-01]
   [  1.54200000e+01  -1.08000000e+01   1.15840000e+02   2.40000000e-01
     -5.60000000e-01   9.20000000e-01]
   [  1.47400000e+01  -2.06700000e+01   1.15430000e+02   2.50000000e-01
     -4.40000000e-01   7.40000000e-01]
   ..., 
   [  3.02400000e+01   2.50000000e+00   9.86300000e+01   3.30000000e-01
     -4.90000000e-01   8.00000000e-01]
   [  7.21900000e+01   2.54100000e+01   1.07420000e+02   2.40000000e-01
     -5.00000000e-01   9.10000000e-01]
   [  5.57500000e+01   1.51300000e+01   9.76200000e+01   4.60000000e-01
     -5.40000000e-01   7.30000000e-01]]

  [[ -1.03060000e+02   1.26590000e+02  -8.29900000e+01  -7.60000000e-01
      3.30000000e-01   6.50000000e-01]
   [ -8.81100000e+01   1.11270000e+02  -5.37700000e+01  -4.50000000e-01
      5.30000000e-01   5.10000000e-01]
   [ -5.51600000e+01   8.83300000e+01  -1.83200000e+01  -3.50000000e-01
      5.50000000e-01   6.40000000e-01]
   ..., 
   [ -7.52400000e+01   9.80400000e+01  -1.68800000e+01  -4.20000000e-01
      6.80000000e-01   7.40000000e-01]
   [ -8.46700000e+01   9.50500000e+01  -1.86800000e+01  -2.60000000e-01
      7.90000000e-01   6.20000000e-01]
   [ -9.61800000e+01   8.15800000e+01  -2.17000000e+01  -2.60000000e-01
      7.20000000e-01   6.40000000e-01]]

  [[  3.74000000e+01  -1.56800000e+01   9.73900000e+01   3.70000000e-01
     -5.80000000e-01   1.02000000e+00]
   [  1.18100000e+01  -1.24100000e+01   1.24380000e+02   2.50000000e-01
     -5.00000000e-01   9.50000000e-01]
   [  1.91700000e+01  -8.85000000e+00   1.27210000e+02   2.70000000e-01
     -4.10000000e-01   8.10000000e-01]
   ..., 
   [  1.99000000e+01  -1.58100000e+01   1.10380000e+02   4.50000000e-01
     -4.80000000e-01   7.40000000e-01]
   [  7.06600000e+01   5.70000000e+00   1.08080000e+02   3.50000000e-01
     -4.90000000e-01   9.60000000e-01]
   [  5.40900000e+01  -4.25200000e+01   8.33100000e+01   2.70000000e-01
     -4.00000000e-01   7.80000000e-01]]

  [[  7.08600000e+01  -1.89000000e+00   1.19610000e+02   6.90000000e-01
     -1.00000000e-01   1.34000000e+00]
   [  9.66500000e+01  -4.88000000e+00   1.45610000e+02   4.30000000e-01
     -1.00000000e-01   1.12000000e+00]
   [  1.37940000e+02   1.33700000e+01   1.25920000e+02   6.80000000e-01
     -1.00000000e-01   1.18000000e+00]
   ..., 
   [  3.53400000e+01  -4.82900000e+01   9.81300000e+01   6.90000000e-01
     -1.50000000e-01   1.07000000e+00]
   [  6.69600000e+01   7.02000000e+00   9.39100000e+01   6.00000000e-01
     -2.10000000e-01   1.38000000e+00]
   [  5.50400000e+01  -3.25300000e+01   9.02700000e+01   5.90000000e-01
     -1.80000000e-01   1.05000000e+00]]

  [[ -6.96000000e+00   7.49400000e+01   7.75000000e+01   3.60000000e-01
      2.50000000e-01   8.40000000e-01]
   [  1.03700000e+01   8.02100000e+01   9.42800000e+01   4.70000000e-01
      2.90000000e-01   8.00000000e-01]
   [  1.83500000e+01   7.28500000e+01   1.00310000e+02   4.70000000e-01
      3.30000000e-01   7.70000000e-01]
   ..., 
   [ -1.32300000e+01   7.89000000e+01   8.11200000e+01   5.40000000e-01
      4.30000000e-01   7.10000000e-01]
   [ -2.50400000e+01   8.97600000e+01   7.46800000e+01   5.90000000e-01
      4.30000000e-01   6.40000000e-01]
   [ -3.66200000e+01   8.70700000e+01   9.07800000e+01   5.20000000e-01
      5.90000000e-01   5.80000000e-01]]]


 [[[  6.82000000e+01  -1.98400000e+01   1.00170000e+02   7.00000000e-01
     -2.20000000e-01   1.31000000e+00]
   [  5.01500000e+01  -3.40700000e+01   9.73900000e+01   6.30000000e-01
     -3.20000000e-01   1.22000000e+00]
   [  6.86100000e+01  -5.25500000e+01   8.75400000e+01   4.50000000e-01
     -1.50000000e-01   1.22000000e+00]
   ..., 
   [ -1.13100000e+01  -3.36800000e+01   2.01100000e+01   3.10000000e-01
     -2.40000000e-01   1.36000000e+00]
   [ -1.64200000e+01  -2.21200000e+01   1.88400000e+01   3.60000000e-01
     -1.60000000e-01   1.35000000e+00]
   [  6.68000000e+00  -2.15900000e+01   2.05000000e+01   3.40000000e-01
     -1.30000000e-01   1.33000000e+00]]

  [[  5.98400000e+01   3.37000000e+00   1.09560000e+02   4.10000000e-01
     -3.00000000e-01   7.10000000e-01]
   [  4.53800000e+01   1.60000000e+00   1.04550000e+02   4.60000000e-01
     -3.90000000e-01   7.30000000e-01]
   [  7.76500000e+01  -4.29000000e+00   8.71600000e+01   3.50000000e-01
     -3.50000000e-01   7.60000000e-01]
   ..., 
   [ -4.87000000e+00  -1.85900000e+01   1.64100000e+01   2.90000000e-01
     -3.40000000e-01   8.10000000e-01]
   [ -4.64000000e+00  -1.99500000e+01   1.25400000e+01   3.50000000e-01
     -3.00000000e-01   7.80000000e-01]
   [  2.09700000e+01  -4.91000000e+00   1.42400000e+01   3.60000000e-01
     -2.70000000e-01   8.00000000e-01]]

  [[ -8.48100000e+01   9.73100000e+01  -2.66900000e+01  -2.20000000e-01
      8.50000000e-01   5.20000000e-01]
   [ -7.73000000e+01   9.80900000e+01  -2.24500000e+01  -4.00000000e-02
      7.90000000e-01   4.60000000e-01]
   [ -7.43100000e+01   8.53600000e+01  -1.81500000e+01   5.00000000e-02
      9.00000000e-01   3.10000000e-01]
   ..., 
   [ -4.09700000e+01   1.17400000e+01   3.39000000e+00  -2.00000000e-02
      9.40000000e-01   2.00000000e-01]
   [ -2.86500000e+01   1.38500000e+01   4.52000000e+00  -6.00000000e-02
      9.80000000e-01   1.80000000e-01]
   [ -2.02200000e+01   1.62800000e+01   7.47000000e+00   8.00000000e-02
      9.60000000e-01   1.80000000e-01]]

  [[  3.00500000e+01  -3.96000000e+01   1.10220000e+02   3.70000000e-01
     -4.10000000e-01   8.70000000e-01]
   [  3.01400000e+01  -5.78300000e+01   1.03010000e+02   4.50000000e-01
     -3.00000000e-01   7.20000000e-01]
   [  5.36500000e+01  -5.97100000e+01   7.78900000e+01   3.20000000e-01
     -3.30000000e-01   9.20000000e-01]
   ..., 
   [ -2.21100000e+01  -2.94300000e+01   1.34100000e+01   1.90000000e-01
     -2.70000000e-01   9.20000000e-01]
   [ -1.57700000e+01  -3.02000000e+01   1.26500000e+01   1.40000000e-01
     -2.20000000e-01   9.00000000e-01]
   [  9.85000000e+00  -1.43900000e+01   1.64800000e+01   1.90000000e-01
     -2.90000000e-01   9.60000000e-01]]

  [[  5.07200000e+01  -1.34500000e+01   9.91800000e+01   5.50000000e-01
     -1.00000000e-01   1.28000000e+00]
   [  4.00200000e+01  -5.21200000e+01   9.27200000e+01   4.90000000e-01
     -0.00000000e+00   1.14000000e+00]
   [  5.77400000e+01  -5.25500000e+01   7.08800000e+01   6.00000000e-01
     -1.70000000e-01   1.33000000e+00]
   ..., 
   [ -6.86000000e+00  -2.53800000e+01   1.53500000e+01   3.20000000e-01
     -4.00000000e-02   1.29000000e+00]
   [ -6.58000000e+00  -1.46800000e+01   1.83800000e+01   3.50000000e-01
      2.00000000e-02   1.25000000e+00]
   [  7.43000000e+00  -1.05500000e+01   1.28400000e+01   4.10000000e-01
     -8.00000000e-02   1.38000000e+00]]

  [[ -2.69500000e+01   9.59400000e+01   7.96700000e+01   5.90000000e-01
      6.00000000e-01   4.90000000e-01]
   [ -1.79200000e+01   9.00400000e+01   8.61700000e+01   6.00000000e-01
      6.20000000e-01   4.10000000e-01]
   [ -1.63500000e+01   6.63900000e+01   7.09700000e+01   5.80000000e-01
      7.40000000e-01   3.90000000e-01]
   ..., 
   [ -1.33800000e+01   6.25000000e+00   2.72200000e+01   3.70000000e-01
      8.10000000e-01   2.90000000e-01]
   [ -5.44000000e+00   1.44100000e+01   2.03800000e+01   4.00000000e-01
      8.40000000e-01   2.80000000e-01]
   [ -1.07000000e+00   1.06200000e+01   1.43700000e+01   4.30000000e-01
      7.60000000e-01   2.90000000e-01]]]


 [[[ -2.04000000e+00  -1.74400000e+01   1.35900000e+01   4.30000000e-01
     -1.90000000e-01   1.33000000e+00]
   [ -1.04700000e+01  -5.21000000e+00   1.27500000e+01   3.50000000e-01
     -1.70000000e-01   1.37000000e+00]
   [ -6.20000000e+00  -6.50000000e-01   1.25000000e+00   3.90000000e-01
     -1.90000000e-01   1.35000000e+00]
   ..., 
   [ -4.13000000e+00   2.67000000e+00   4.13000000e+00   4.50000000e-01
     -1.40000000e-01   1.30000000e+00]
   [ -7.00000000e-02   1.30000000e-01  -2.75000000e+00   4.10000000e-01
     -1.90000000e-01   1.39000000e+00]
   [ -5.20000000e+00  -6.80000000e-01  -5.09000000e+00   4.80000000e-01
     -1.60000000e-01   1.37000000e+00]]

  [[  1.16300000e+01  -9.23000000e+00   8.93000000e+00   3.80000000e-01
     -3.60000000e-01   8.10000000e-01]
   [  1.38000000e+00  -7.52000000e+00   4.53000000e+00   3.30000000e-01
     -2.70000000e-01   8.20000000e-01]
   [  5.41000000e+00   3.10000000e-01  -2.03000000e+00   3.60000000e-01
     -3.20000000e-01   8.10000000e-01]
   ..., 
   [  1.31800000e+01   6.34000000e+00   1.32000000e+00   4.10000000e-01
     -3.00000000e-01   7.70000000e-01]
   [  1.23200000e+01   4.41000000e+00  -7.96000000e+00   3.70000000e-01
     -3.10000000e-01   8.40000000e-01]
   [  9.42000000e+00   5.94000000e+00  -5.81000000e+00   4.40000000e-01
     -3.50000000e-01   8.10000000e-01]]

  [[ -2.07300000e+01   6.12000000e+00   6.52000000e+00  -1.00000000e-02
      9.90000000e-01   2.10000000e-01]
   [ -8.19000000e+00   7.22000000e+00   3.30000000e-01   2.00000000e-02
      9.80000000e-01   1.80000000e-01]
   [ -6.97000000e+00   3.00000000e-01   2.98000000e+00   6.00000000e-02
      9.30000000e-01   1.90000000e-01]
   ..., 
   [  1.85000000e+00   5.49000000e+00   3.44000000e+00   3.00000000e-02
      9.60000000e-01   2.30000000e-01]
   [ -1.50000000e+00  -4.58000000e+00   4.52000000e+00   1.00000000e-02
      9.70000000e-01   2.20000000e-01]
   [ -2.33000000e+00   1.50000000e-01   1.41000000e+00  -2.00000000e-02
      9.90000000e-01   2.50000000e-01]]

  [[ -5.80000000e-01  -1.28400000e+01   1.44800000e+01   2.00000000e-01
     -3.10000000e-01   9.90000000e-01]
   [ -1.01400000e+01  -5.40000000e+00   4.88000000e+00   2.30000000e-01
     -2.30000000e-01   8.90000000e-01]
   [ -4.06000000e+00  -2.15000000e+00  -3.47000000e+00   2.80000000e-01
     -2.70000000e-01   9.50000000e-01]
   ..., 
   [  8.46000000e+00   1.20000000e-01   4.32000000e+00   2.70000000e-01
     -2.60000000e-01   9.70000000e-01]
   [  4.19000000e+00   3.40000000e-01  -7.05000000e+00   2.80000000e-01
     -2.80000000e-01   9.50000000e-01]
   [  1.67000000e+00   4.60000000e-01   3.09000000e+00   2.90000000e-01
     -2.60000000e-01   9.50000000e-01]]

  [[ -6.39000000e+00  -4.07000000e+00   1.43500000e+01   3.70000000e-01
     -9.00000000e-02   1.36000000e+00]
   [ -7.06000000e+00   5.95000000e+00   4.02000000e+00   4.20000000e-01
     -5.00000000e-02   1.34000000e+00]
   [ -6.80000000e+00  -2.62000000e+00  -4.94000000e+00   4.30000000e-01
     -2.00000000e-02   1.36000000e+00]
   ..., 
   [  4.90000000e-01   6.23000000e+00   1.19000000e+00   4.20000000e-01
     -6.00000000e-02   1.36000000e+00]
   [ -5.44000000e+00   4.63000000e+00  -8.02000000e+00   4.60000000e-01
     -3.00000000e-02   1.35000000e+00]
   [ -4.98000000e+00   6.33000000e+00   2.91000000e+00   4.40000000e-01
     -1.00000000e-02   1.35000000e+00]]

  [[ -3.94000000e+00   1.12300000e+01   8.56000000e+00   4.50000000e-01
      7.90000000e-01   2.80000000e-01]
   [  0.00000000e+00  -1.12000000e+00   1.44000000e+00   4.50000000e-01
      7.90000000e-01   2.80000000e-01]
   [ -5.91000000e+00  -6.27000000e+00   4.71000000e+00   4.20000000e-01
      8.10000000e-01   2.90000000e-01]
   ..., 
   [  3.69000000e+00  -1.11000000e+00  -1.47000000e+00   4.80000000e-01
      7.90000000e-01   2.70000000e-01]
   [ -2.29000000e+00  -1.01400000e+01  -3.46000000e+00   4.30000000e-01
      8.10000000e-01   2.70000000e-01]
   [  2.18000000e+00   5.14000000e+00  -2.10000000e-01   4.40000000e-01
      8.30000000e-01   2.60000000e-01]]]


 [[[ -1.70000000e-01  -3.10000000e-01   6.03000000e+00   4.50000000e-01
     -1.50000000e-01   1.33000000e+00]
   [ -1.15000000e+00  -1.14000000e+00  -9.60000000e-01   4.10000000e-01
     -1.60000000e-01   1.36000000e+00]
   [ -5.94000000e+00  -1.00000000e-01  -5.90000000e+00   4.50000000e-01
     -1.70000000e-01   1.34000000e+00]
   ..., 
   [  2.90000000e-01   2.00000000e-01   1.78000000e+00   4.60000000e-01
     -1.60000000e-01   1.30000000e+00]
   [ -6.35000000e+00  -6.70000000e-01  -1.92000000e+00   4.80000000e-01
     -2.20000000e-01   1.38000000e+00]
   [ -2.38000000e+00  -1.97000000e+00  -3.47000000e+00   4.70000000e-01
     -2.00000000e-01   1.38000000e+00]]

  [[  1.30000000e+01   3.70000000e+00   2.32000000e+00   4.10000000e-01
     -3.00000000e-01   8.10000000e-01]
   [  1.21900000e+01   3.41000000e+00  -6.11000000e+00   3.70000000e-01
     -2.90000000e-01   8.40000000e-01]
   [  8.81000000e+00   4.46000000e+00  -8.14000000e+00   4.00000000e-01
     -3.30000000e-01   8.20000000e-01]
   ..., 
   [  1.81200000e+01   9.94000000e+00   6.20000000e-01   4.10000000e-01
     -3.30000000e-01   8.20000000e-01]
   [  5.32000000e+00   2.70000000e-01  -7.39000000e+00   4.30000000e-01
     -3.50000000e-01   8.10000000e-01]
   [  1.15300000e+01   5.94000000e+00  -5.91000000e+00   4.30000000e-01
     -3.70000000e-01   8.20000000e-01]]

  [[ -1.60000000e-01   5.73000000e+00   2.77000000e+00   4.00000000e-02
      9.70000000e-01   2.20000000e-01]
   [ -1.43000000e+00  -3.13000000e+00   5.98000000e+00   4.00000000e-02
      9.80000000e-01   1.90000000e-01]
   [ -3.88000000e+00  -4.31000000e+00   2.44000000e+00   0.00000000e+00
      1.00000000e+00   2.20000000e-01]
   ..., 
   [  1.35000000e+00   4.59000000e+00   2.94000000e+00   3.00000000e-02
      9.60000000e-01   2.40000000e-01]
   [ -5.39000000e+00  -3.17000000e+00   2.65000000e+00  -1.00000000e-02
      1.00000000e+00   2.40000000e-01]
   [ -4.65000000e+00  -2.69000000e+00   4.06000000e+00  -4.00000000e-02
      9.80000000e-01   2.60000000e-01]]

  [[  4.85000000e+00  -2.03000000e+00   3.79000000e+00   2.50000000e-01
     -2.30000000e-01   9.60000000e-01]
   [  5.91000000e+00   1.43000000e+00  -6.54000000e+00   2.50000000e-01
     -2.70000000e-01   9.80000000e-01]
   [  2.49000000e+00  -2.98000000e+00  -5.27000000e+00   2.40000000e-01
     -2.80000000e-01   1.02000000e+00]
   ..., 
   [  9.71000000e+00   1.72000000e+00   2.28000000e+00   2.70000000e-01
     -3.10000000e-01   1.02000000e+00]
   [ -1.19000000e+00  -4.99000000e+00  -2.71000000e+00   2.30000000e-01
     -2.60000000e-01   9.20000000e-01]
   [  2.50000000e+00  -2.46000000e+00  -9.90000000e-01   2.80000000e-01
     -2.90000000e-01   9.80000000e-01]]

  [[ -3.87000000e+00   9.11000000e+00   2.92000000e+00   4.40000000e-01
     -2.00000000e-02   1.31000000e+00]
   [ -5.46000000e+00   1.00900000e+01  -6.85000000e+00   4.50000000e-01
     -0.00000000e+00   1.34000000e+00]
   [ -8.05000000e+00   7.43000000e+00  -5.25000000e+00   4.10000000e-01
     -3.00000000e-02   1.34000000e+00]
   ..., 
   [ -1.62000000e+00   5.64000000e+00  -1.14000000e+00   4.70000000e-01
     -8.00000000e-02   1.35000000e+00]
   [ -6.95000000e+00   1.39000000e+00  -3.94000000e+00   4.40000000e-01
     -2.00000000e-02   1.28000000e+00]
   [ -5.71000000e+00   4.27000000e+00  -9.30000000e-01   4.50000000e-01
     -2.00000000e-02   1.32000000e+00]]

  [[  3.18000000e+00  -7.00000000e-02  -1.29000000e+00   4.80000000e-01
      8.00000000e-01   2.80000000e-01]
   [ -8.00000000e-01  -1.06200000e+01  -4.57000000e+00   4.20000000e-01
      8.20000000e-01   2.70000000e-01]
   [ -9.60000000e-01  -4.55000000e+00  -3.25000000e+00   4.40000000e-01
      8.00000000e-01   2.80000000e-01]
   ..., 
   [  1.59000000e+00  -2.24000000e+00  -1.20000000e+00   4.90000000e-01
      7.60000000e-01   2.80000000e-01]
   [  8.00000000e-02  -4.32000000e+00  -2.80000000e-01   4.60000000e-01
      8.00000000e-01   2.80000000e-01]
   [ -3.70000000e-01  -3.41000000e+00  -3.30000000e-01   4.60000000e-01
      8.10000000e-01   2.70000000e-01]]]]